
train_loss_list_second_trial=

[2.7708137203007936,
 2.7683720653876662,
 2.7389123253524303,
 2.7214970998466015,
 2.7002188339829445,
 2.6763445995748043,
 2.648261615075171,
 2.6526118507608771,
 2.6346632521599531,
 2.6272169006988406,
 2.6188633246347308,
 2.6085332781076431,
 2.5870441189035773,
 2.5786911798641086,
 2.5845890026539564,
 2.5703269140794873]

val_loss_list_second_trial=
[2.8357176035642624,
 2.7836239263415337,
 2.813594214618206,
 2.7865671068429947,
 2.7441532835364342,
 2.80335483700037,
 2.758161649107933,
 2.7763199433684349,
 2.7340187206864357,
 2.7082802504301071,
 2.7400073558092117,
 2.7231304794549942,
 2.7121138051152229,
 2.7353808134794235,
 2.6599662974476814,
 2.7021592929959297]