
train_loss_list_first_trial=

[5.1182154007256031,
 4.2410578094422817,
 3.8984637828543782,
 3.6274811187759042,
 3.4221240812912583,
 3.2697758059948683,
 3.1648850943893194,
 3.1026335023343563,
 3.0452482532709837,
 2.997302976436913,
 2.9558397196233273,
 2.9214472034946084,
 2.8775928700342774,
 2.8477975185960531,
 2.8443354461342096,
 2.8141435589641333]
val_loss_list_first_trial=
[4.4464657008647919,
 4.0142198503017426,
 3.7662415876984596,
 3.5308483019471169,
 3.3253002017736435,
 3.2867614179849625,
 3.1925296634435654,
 3.1257023960351944,
 3.0547314807772636,
 2.9814754202961922,
 2.9822108522057533,
 2.9397262707352638,
 2.9195674508810043,
 2.9160598441958427,
 2.8222213909029961,
 2.8566028848290443]